#1: [1, 1, 2] = 1 2 
#2: [0, 1, 0] = 1 1 2 3 3 
#3: [0, 0, 1] = 1 2 2 
#4: [2, 0, 0] = 2 3 3 
#5: [2, 1, 1] = 2 3 
#6: [2, 2, 0] = 1 
#7: [1, 2, 1] = 1 1 3 3 
#8: [1, 0, 2] = 1 1 3 
#9: [2, 0, 1] = 1 3 3 
#10: [1, 2, 0] = 1 2 3 3 
#11: [1, 2, 2] = 2 2 3 3 
#12: [0, 2, 0] = 1 2 2 3 
#13: [0, 1, 2] = 1 2 2 3 3 
#14: [2, 1, 2] = 1 3 
#15: [0, 1, 1] = 3 3 
#16: [2, 2, 1] = 1 1 2 2 
#17: [2, 1, 0] = 1 1 2 2 3 
#18: [2, 2, 2] = 2 
#19: [0, 0, 0] = 
#20: [1, 0, 1] = 1 2 3 
#21: [1, 1, 1] = 2 2 
#22: [0, 2, 1] = 1 1 2 3 
#23: [1, 1, 0] = 1 1 
#24: [0, 0, 2] = 1 1 2 
#25: [0, 2, 2] = 3 
#26: [2, 0, 2] = 1 1 2 2 3 3 
#27: [1, 0, 0] = 2 2 3 
All configurations can be won