#1: [1, 1, 2] to [1, 1, 2] = no moves
#1: [1, 1, 2] to [0, 1, 0] = 1 1 3 
#1: [1, 1, 2] to [0, 0, 1] = 2 2 
#1: [1, 1, 2] to [2, 0, 0] = 1 3 
#1: [1, 1, 2] to [2, 1, 1] = 1 3 3 
#1: [1, 1, 2] to [2, 2, 0] = 2 
#1: [1, 1, 2] to [1, 2, 1] = 1 1 2 3 
#1: [1, 1, 2] to [1, 0, 2] = 1 1 2 3 3 
#1: [1, 1, 2] to [2, 0, 1] = 2 3 
#1: [1, 1, 2] to [1, 2, 0] = 3 
#1: [1, 1, 2] to [1, 2, 2] = 1 2 2 3 
#1: [1, 1, 2] to [0, 2, 0] = 2 2 3 3 
#1: [1, 1, 2] to [0, 1, 2] = 2 2 3 
#1: [1, 1, 2] to [2, 1, 2] = 2 3 3 
#1: [1, 1, 2] to [0, 1, 1] = 1 2 3 
#1: [1, 1, 2] to [2, 2, 1] = 1 1 2 2 
#1: [1, 1, 2] to [2, 1, 0] = 1 1 2 2 3 3 
#1: [1, 1, 2] to [2, 2, 2] = 1 
#1: [1, 1, 2] to [0, 0, 0] = 1 2 
#1: [1, 1, 2] to [1, 0, 1] = 3 3 
#1: [1, 1, 2] to [1, 1, 1] = 1 2 2 
#1: [1, 1, 2] to [0, 2, 1] = 1 1 3 3 
#1: [1, 1, 2] to [1, 1, 0] = 1 1 2 
#1: [1, 1, 2] to [0, 0, 2] = 1 1 
#1: [1, 1, 2] to [0, 2, 2] = 1 2 3 3 
#1: [1, 1, 2] to [2, 0, 2] = 1 1 2 2 3 
#1: [1, 1, 2] to [1, 0, 0] = 1 2 2 3 3 
#2: [0, 1, 0] to [1, 1, 2] = 1 3 3 
#2: [0, 1, 0] to [0, 1, 0] = no moves
#2: [0, 1, 0] to [0, 0, 1] = 1 2 2 3 3 
#2: [0, 1, 0] to [2, 0, 0] = 1 1 
#2: [0, 1, 0] to [2, 1, 1] = 1 1 3 
#2: [0, 1, 0] to [2, 2, 0] = 1 2 3 3 
#2: [0, 1, 0] to [1, 2, 1] = 2 
#2: [0, 1, 0] to [1, 0, 2] = 2 3 
#2: [0, 1, 0] to [2, 0, 1] = 1 2 
#2: [0, 1, 0] to [1, 2, 0] = 1 
#2: [0, 1, 0] to [1, 2, 2] = 1 1 2 2 
#2: [0, 1, 0] to [0, 2, 0] = 1 2 2 3 
#2: [0, 1, 0] to [0, 1, 2] = 1 2 2 
#2: [0, 1, 0] to [2, 1, 2] = 1 2 3 
#2: [0, 1, 0] to [0, 1, 1] = 1 1 2 
#2: [0, 1, 0] to [2, 2, 1] = 2 2 3 3 
#2: [0, 1, 0] to [2, 1, 0] = 2 2 3 
#2: [0, 1, 0] to [2, 2, 2] = 1 1 3 3 
#2: [0, 1, 0] to [0, 0, 0] = 1 1 2 3 3 
#2: [0, 1, 0] to [1, 0, 1] = 1 3 
#2: [0, 1, 0] to [1, 1, 1] = 1 1 2 2 3 3 
#2: [0, 1, 0] to [0, 2, 1] = 3 
#2: [0, 1, 0] to [1, 1, 0] = 2 3 3 
#2: [0, 1, 0] to [0, 0, 2] = 3 3 
#2: [0, 1, 0] to [0, 2, 2] = 1 1 2 3 
#2: [0, 1, 0] to [2, 0, 2] = 2 2 
#2: [0, 1, 0] to [1, 0, 0] = 1 1 2 2 3 
#3: [0, 0, 1] to [1, 1, 2] = 2 
#3: [0, 0, 1] to [0, 1, 0] = 1 1 2 3 
#3: [0, 0, 1] to [0, 0, 1] = no moves
#3: [0, 0, 1] to [2, 0, 0] = 1 2 3 
#3: [0, 0, 1] to [2, 1, 1] = 1 2 3 3 
#3: [0, 0, 1] to [2, 2, 0] = 2 2 
#3: [0, 0, 1] to [1, 2, 1] = 1 1 2 2 3 
#3: [0, 0, 1] to [1, 0, 2] = 1 1 2 2 3 3 
#3: [0, 0, 1] to [2, 0, 1] = 2 2 3 
#3: [0, 0, 1] to [1, 2, 0] = 2 3 
#3: [0, 0, 1] to [1, 2, 2] = 1 3 
#3: [0, 0, 1] to [0, 2, 0] = 3 3 
#3: [0, 0, 1] to [0, 1, 2] = 3 
#3: [0, 0, 1] to [2, 1, 2] = 2 2 3 3 
#3: [0, 0, 1] to [0, 1, 1] = 1 2 2 3 
#3: [0, 0, 1] to [2, 2, 1] = 1 1 
#3: [0, 0, 1] to [2, 1, 0] = 1 1 3 3 
#3: [0, 0, 1] to [2, 2, 2] = 1 2 
#3: [0, 0, 1] to [0, 0, 0] = 1 2 2 
#3: [0, 0, 1] to [1, 0, 1] = 2 3 3 
#3: [0, 0, 1] to [1, 1, 1] = 1 
#3: [0, 0, 1] to [0, 2, 1] = 1 1 2 3 3 
#3: [0, 0, 1] to [1, 1, 0] = 1 1 2 2 
#3: [0, 0, 1] to [0, 0, 2] = 1 1 2 
#3: [0, 0, 1] to [0, 2, 2] = 1 2 2 3 3 
#3: [0, 0, 1] to [2, 0, 2] = 1 1 3 
#3: [0, 0, 1] to [1, 0, 0] = 1 3 3 
#4: [2, 0, 0] to [1, 1, 2] = 1 1 3 3 
#4: [2, 0, 0] to [0, 1, 0] = 1 
#4: [2, 0, 0] to [0, 0, 1] = 1 1 2 2 3 3 
#4: [2, 0, 0] to [2, 0, 0] = no moves
#4: [2, 0, 0] to [2, 1, 1] = 3 
#4: [2, 0, 0] to [2, 2, 0] = 1 1 2 3 3 
#4: [2, 0, 0] to [1, 2, 1] = 1 2 
#4: [2, 0, 0] to [1, 0, 2] = 1 2 3 
#4: [2, 0, 0] to [2, 0, 1] = 1 1 2 
#4: [2, 0, 0] to [1, 2, 0] = 1 1 
#4: [2, 0, 0] to [1, 2, 2] = 2 2 
#4: [2, 0, 0] to [0, 2, 0] = 1 1 2 2 3 
#4: [2, 0, 0] to [0, 1, 2] = 1 1 2 2 
#4: [2, 0, 0] to [2, 1, 2] = 1 1 2 3 
#4: [2, 0, 0] to [0, 1, 1] = 2 
#4: [2, 0, 0] to [2, 2, 1] = 1 2 2 3 3 
#4: [2, 0, 0] to [2, 1, 0] = 1 2 2 3 
#4: [2, 0, 0] to [2, 2, 2] = 3 3 
#4: [2, 0, 0] to [0, 0, 0] = 2 3 3 
#4: [2, 0, 0] to [1, 0, 1] = 1 1 3 
#4: [2, 0, 0] to [1, 1, 1] = 2 2 3 3 
#4: [2, 0, 0] to [0, 2, 1] = 1 3 
#4: [2, 0, 0] to [1, 1, 0] = 1 2 3 3 
#4: [2, 0, 0] to [0, 0, 2] = 1 3 3 
#4: [2, 0, 0] to [0, 2, 2] = 2 3 
#4: [2, 0, 0] to [2, 0, 2] = 1 2 2 
#4: [2, 0, 0] to [1, 0, 0] = 2 2 3 
#5: [2, 1, 1] to [1, 1, 2] = 1 1 3 
#5: [2, 1, 1] to [0, 1, 0] = 1 3 3 
#5: [2, 1, 1] to [0, 0, 1] = 1 1 2 2 3 
#5: [2, 1, 1] to [2, 0, 0] = 3 3 
#5: [2, 1, 1] to [2, 1, 1] = no moves
#5: [2, 1, 1] to [2, 2, 0] = 1 1 2 3 
#5: [2, 1, 1] to [1, 2, 1] = 1 2 3 3 
#5: [2, 1, 1] to [1, 0, 2] = 1 2 
#5: [2, 1, 1] to [2, 0, 1] = 1 1 2 3 3 
#5: [2, 1, 1] to [1, 2, 0] = 1 1 3 3 
#5: [2, 1, 1] to [1, 2, 2] = 2 2 3 3 
#5: [2, 1, 1] to [0, 2, 0] = 1 1 2 2 
#5: [2, 1, 1] to [0, 1, 2] = 1 1 2 2 3 3 
#5: [2, 1, 1] to [2, 1, 2] = 1 1 2 
#5: [2, 1, 1] to [0, 1, 1] = 2 3 3 
#5: [2, 1, 1] to [2, 2, 1] = 1 2 2 3 
#5: [2, 1, 1] to [2, 1, 0] = 1 2 2 
#5: [2, 1, 1] to [2, 2, 2] = 3 
#5: [2, 1, 1] to [0, 0, 0] = 2 3 
#5: [2, 1, 1] to [1, 0, 1] = 1 1 
#5: [2, 1, 1] to [1, 1, 1] = 2 2 3 
#5: [2, 1, 1] to [0, 2, 1] = 1 
#5: [2, 1, 1] to [1, 1, 0] = 1 2 3 
#5: [2, 1, 1] to [0, 0, 2] = 1 3 
#5: [2, 1, 1] to [0, 2, 2] = 2 
#5: [2, 1, 1] to [2, 0, 2] = 1 2 2 3 3 
#5: [2, 1, 1] to [1, 0, 0] = 2 2 
#6: [2, 2, 0] to [1, 1, 2] = 2 2 
#6: [2, 2, 0] to [0, 1, 0] = 1 1 2 2 3 
#6: [2, 2, 0] to [0, 0, 1] = 2 
#6: [2, 2, 0] to [2, 0, 0] = 1 2 2 3 
#6: [2, 2, 0] to [2, 1, 1] = 1 2 2 3 3 
#6: [2, 2, 0] to [2, 2, 0] = no moves
#6: [2, 2, 0] to [1, 2, 1] = 1 1 3 
#6: [2, 2, 0] to [1, 0, 2] = 1 1 3 3 
#6: [2, 2, 0] to [2, 0, 1] = 3 
#6: [2, 2, 0] to [1, 2, 0] = 2 2 3 
#6: [2, 2, 0] to [1, 2, 2] = 1 2 3 
#6: [2, 2, 0] to [0, 2, 0] = 2 3 3 
#6: [2, 2, 0] to [0, 1, 2] = 2 3 
#6: [2, 2, 0] to [2, 1, 2] = 3 3 
#6: [2, 2, 0] to [0, 1, 1] = 1 3 
#6: [2, 2, 0] to [2, 2, 1] = 1 1 2 
#6: [2, 2, 0] to [2, 1, 0] = 1 1 2 3 3 
#6: [2, 2, 0] to [2, 2, 2] = 1 2 2 
#6: [2, 2, 0] to [0, 0, 0] = 1 
#6: [2, 2, 0] to [1, 0, 1] = 2 2 3 3 
#6: [2, 2, 0] to [1, 1, 1] = 1 2 
#6: [2, 2, 0] to [0, 2, 1] = 1 1 2 2 3 3 
#6: [2, 2, 0] to [1, 1, 0] = 1 1 
#6: [2, 2, 0] to [0, 0, 2] = 1 1 2 2 
#6: [2, 2, 0] to [0, 2, 2] = 1 3 3 
#6: [2, 2, 0] to [2, 0, 2] = 1 1 2 3 
#6: [2, 2, 0] to [1, 0, 0] = 1 2 3 3 
#7: [1, 2, 1] to [1, 1, 2] = 1 2 2 3 3 
#7: [1, 2, 1] to [0, 1, 0] = 2 2 
#7: [1, 2, 1] to [0, 0, 1] = 1 2 3 3 
#7: [1, 2, 1] to [2, 0, 0] = 1 1 2 2 
#7: [1, 2, 1] to [2, 1, 1] = 1 1 2 2 3 
#7: [1, 2, 1] to [2, 2, 0] = 1 3 3 
#7: [1, 2, 1] to [1, 2, 1] = no moves
#7: [1, 2, 1] to [1, 0, 2] = 3 
#7: [1, 2, 1] to [2, 0, 1] = 1 
#7: [1, 2, 1] to [1, 2, 0] = 1 2 2 
#7: [1, 2, 1] to [1, 2, 2] = 1 1 2 
#7: [1, 2, 1] to [0, 2, 0] = 1 2 3 
#7: [1, 2, 1] to [0, 1, 2] = 1 2 
#7: [1, 2, 1] to [2, 1, 2] = 1 3 
#7: [1, 2, 1] to [0, 1, 1] = 1 1 
#7: [1, 2, 1] to [2, 2, 1] = 2 3 3 
#7: [1, 2, 1] to [2, 1, 0] = 2 3 
#7: [1, 2, 1] to [2, 2, 2] = 1 1 2 2 3 3 
#7: [1, 2, 1] to [0, 0, 0] = 1 1 3 3 
#7: [1, 2, 1] to [1, 0, 1] = 1 2 2 3 
#7: [1, 2, 1] to [1, 1, 1] = 1 1 2 3 3 
#7: [1, 2, 1] to [0, 2, 1] = 2 2 3 
#7: [1, 2, 1] to [1, 1, 0] = 3 3 
#7: [1, 2, 1] to [0, 0, 2] = 2 2 3 3 
#7: [1, 2, 1] to [0, 2, 2] = 1 1 3 
#7: [1, 2, 1] to [2, 0, 2] = 2 
#7: [1, 2, 1] to [1, 0, 0] = 1 1 2 3 
#8: [1, 0, 2] to [1, 1, 2] = 1 2 2 3 
#8: [1, 0, 2] to [0, 1, 0] = 2 2 3 3 
#8: [1, 0, 2] to [0, 0, 1] = 1 2 3 
#8: [1, 0, 2] to [2, 0, 0] = 1 1 2 2 3 3 
#8: [1, 0, 2] to [2, 1, 1] = 1 1 2 2 
#8: [1, 0, 2] to [2, 2, 0] = 1 3 
#8: [1, 0, 2] to [1, 2, 1] = 3 3 
#8: [1, 0, 2] to [1, 0, 2] = no moves
#8: [1, 0, 2] to [2, 0, 1] = 1 3 3 
#8: [1, 0, 2] to [1, 2, 0] = 1 2 2 3 3 
#8: [1, 0, 2] to [1, 2, 2] = 1 1 2 3 3 
#8: [1, 0, 2] to [0, 2, 0] = 1 2 
#8: [1, 0, 2] to [0, 1, 2] = 1 2 3 3 
#8: [1, 0, 2] to [2, 1, 2] = 1 
#8: [1, 0, 2] to [0, 1, 1] = 1 1 3 3 
#8: [1, 0, 2] to [2, 2, 1] = 2 3 
#8: [1, 0, 2] to [2, 1, 0] = 2 
#8: [1, 0, 2] to [2, 2, 2] = 1 1 2 2 3 
#8: [1, 0, 2] to [0, 0, 0] = 1 1 3 
#8: [1, 0, 2] to [1, 0, 1] = 1 2 2 
#8: [1, 0, 2] to [1, 1, 1] = 1 1 2 3 
#8: [1, 0, 2] to [0, 2, 1] = 2 2 
#8: [1, 0, 2] to [1, 1, 0] = 3 
#8: [1, 0, 2] to [0, 0, 2] = 2 2 3 
#8: [1, 0, 2] to [0, 2, 2] = 1 1 
#8: [1, 0, 2] to [2, 0, 2] = 2 3 3 
#8: [1, 0, 2] to [1, 0, 0] = 1 1 2 
#9: [2, 0, 1] to [1, 1, 2] = 2 2 3 3 
#9: [2, 0, 1] to [0, 1, 0] = 1 1 2 2 
#9: [2, 0, 1] to [0, 0, 1] = 2 3 3 
#9: [2, 0, 1] to [2, 0, 0] = 1 2 2 
#9: [2, 0, 1] to [2, 1, 1] = 1 2 2 3 
#9: [2, 0, 1] to [2, 2, 0] = 3 3 
#9: [2, 0, 1] to [1, 2, 1] = 1 1 
#9: [2, 0, 1] to [1, 0, 2] = 1 1 3 
#9: [2, 0, 1] to [2, 0, 1] = no moves
#9: [2, 0, 1] to [1, 2, 0] = 2 2 
#9: [2, 0, 1] to [1, 2, 2] = 1 2 
#9: [2, 0, 1] to [0, 2, 0] = 2 3 
#9: [2, 0, 1] to [0, 1, 2] = 2 
#9: [2, 0, 1] to [2, 1, 2] = 3 
#9: [2, 0, 1] to [0, 1, 1] = 1 
#9: [2, 0, 1] to [2, 2, 1] = 1 1 2 3 3 
#9: [2, 0, 1] to [2, 1, 0] = 1 1 2 3 
#9: [2, 0, 1] to [2, 2, 2] = 1 2 2 3 3 
#9: [2, 0, 1] to [0, 0, 0] = 1 3 3 
#9: [2, 0, 1] to [1, 0, 1] = 2 2 3 
#9: [2, 0, 1] to [1, 1, 1] = 1 2 3 3 
#9: [2, 0, 1] to [0, 2, 1] = 1 1 2 2 3 
#9: [2, 0, 1] to [1, 1, 0] = 1 1 3 3 
#9: [2, 0, 1] to [0, 0, 2] = 1 1 2 2 3 3 
#9: [2, 0, 1] to [0, 2, 2] = 1 3 
#9: [2, 0, 1] to [2, 0, 2] = 1 1 2 
#9: [2, 0, 1] to [1, 0, 0] = 1 2 3 
#10: [1, 2, 0] to [1, 1, 2] = 3 3 
#10: [1, 2, 0] to [0, 1, 0] = 1 1 
#10: [1, 2, 0] to [0, 0, 1] = 2 2 3 3 
#10: [1, 2, 0] to [2, 0, 0] = 1 
#10: [1, 2, 0] to [2, 1, 1] = 1 3 
#10: [1, 2, 0] to [2, 2, 0] = 2 3 3 
#10: [1, 2, 0] to [1, 2, 1] = 1 1 2 
#10: [1, 2, 0] to [1, 0, 2] = 1 1 2 3 
#10: [1, 2, 0] to [2, 0, 1] = 2 
#10: [1, 2, 0] to [1, 2, 0] = no moves
#10: [1, 2, 0] to [1, 2, 2] = 1 2 2 
#10: [1, 2, 0] to [0, 2, 0] = 2 2 3 
#10: [1, 2, 0] to [0, 1, 2] = 2 2 
#10: [1, 2, 0] to [2, 1, 2] = 2 3 
#10: [1, 2, 0] to [0, 1, 1] = 1 2 
#10: [1, 2, 0] to [2, 2, 1] = 1 1 2 2 3 3 
#10: [1, 2, 0] to [2, 1, 0] = 1 1 2 2 3 
#10: [1, 2, 0] to [2, 2, 2] = 1 3 3 
#10: [1, 2, 0] to [0, 0, 0] = 1 2 3 3 
#10: [1, 2, 0] to [1, 0, 1] = 3 
#10: [1, 2, 0] to [1, 1, 1] = 1 2 2 3 3 
#10: [1, 2, 0] to [0, 2, 1] = 1 1 3 
#10: [1, 2, 0] to [1, 1, 0] = 1 1 2 3 3 
#10: [1, 2, 0] to [0, 0, 2] = 1 1 3 3 
#10: [1, 2, 0] to [0, 2, 2] = 1 2 3 
#10: [1, 2, 0] to [2, 0, 2] = 1 1 2 2 
#10: [1, 2, 0] to [1, 0, 0] = 1 2 2 3 
#11: [1, 2, 2] to [1, 1, 2] = 1 1 2 3 3 
#11: [1, 2, 2] to [0, 1, 0] = 1 2 
#11: [1, 2, 2] to [0, 0, 1] = 1 1 3 3 
#11: [1, 2, 2] to [2, 0, 0] = 2 
#11: [1, 2, 2] to [2, 1, 1] = 2 3 
#11: [1, 2, 2] to [2, 2, 0] = 1 1 2 2 3 3 
#11: [1, 2, 2] to [1, 2, 1] = 1 2 2 
#11: [1, 2, 2] to [1, 0, 2] = 1 2 2 3 
#11: [1, 2, 2] to [2, 0, 1] = 1 1 2 2 
#11: [1, 2, 2] to [1, 2, 0] = 1 1 2 
#11: [1, 2, 2] to [1, 2, 2] = no moves
#11: [1, 2, 2] to [0, 2, 0] = 1 1 3 
#11: [1, 2, 2] to [0, 1, 2] = 1 1 
#11: [1, 2, 2] to [2, 1, 2] = 1 1 2 2 3 
#11: [1, 2, 2] to [0, 1, 1] = 2 2 
#11: [1, 2, 2] to [2, 2, 1] = 1 3 3 
#11: [1, 2, 2] to [2, 1, 0] = 1 3 
#11: [1, 2, 2] to [2, 2, 2] = 2 3 3 
#11: [1, 2, 2] to [0, 0, 0] = 2 2 3 3 
#11: [1, 2, 2] to [1, 0, 1] = 1 1 2 3 
#11: [1, 2, 2] to [1, 1, 1] = 3 3 
#11: [1, 2, 2] to [0, 2, 1] = 1 2 3 
#11: [1, 2, 2] to [1, 1, 0] = 1 2 2 3 3 
#11: [1, 2, 2] to [0, 0, 2] = 1 2 3 3 
#11: [1, 2, 2] to [0, 2, 2] = 2 2 3 
#11: [1, 2, 2] to [2, 0, 2] = 1 
#11: [1, 2, 2] to [1, 0, 0] = 3 
#12: [0, 2, 0] to [1, 1, 2] = 2 3 
#12: [0, 2, 0] to [0, 1, 0] = 1 1 2 3 3 
#12: [0, 2, 0] to [0, 0, 1] = 3 
#12: [0, 2, 0] to [2, 0, 0] = 1 2 3 3 
#12: [0, 2, 0] to [2, 1, 1] = 1 2 
#12: [0, 2, 0] to [2, 2, 0] = 2 2 3 
#12: [0, 2, 0] to [1, 2, 1] = 1 1 2 2 3 3 
#12: [0, 2, 0] to [1, 0, 2] = 1 1 2 2 
#12: [0, 2, 0] to [2, 0, 1] = 2 2 3 3 
#12: [0, 2, 0] to [1, 2, 0] = 2 3 3 
#12: [0, 2, 0] to [1, 2, 2] = 1 3 3 
#12: [0, 2, 0] to [0, 2, 0] = no moves
#12: [0, 2, 0] to [0, 1, 2] = 3 3 
#12: [0, 2, 0] to [2, 1, 2] = 2 2 
#12: [0, 2, 0] to [0, 1, 1] = 1 2 2 3 3 
#12: [0, 2, 0] to [2, 2, 1] = 1 1 3 
#12: [0, 2, 0] to [2, 1, 0] = 1 1 
#12: [0, 2, 0] to [2, 2, 2] = 1 2 3 
#12: [0, 2, 0] to [0, 0, 0] = 1 2 2 3 
#12: [0, 2, 0] to [1, 0, 1] = 2 
#12: [0, 2, 0] to [1, 1, 1] = 1 3 
#12: [0, 2, 0] to [0, 2, 1] = 1 1 2 
#12: [0, 2, 0] to [1, 1, 0] = 1 1 2 2 3 
#12: [0, 2, 0] to [0, 0, 2] = 1 1 2 3 
#12: [0, 2, 0] to [0, 2, 2] = 1 2 2 
#12: [0, 2, 0] to [2, 0, 2] = 1 1 3 3 
#12: [0, 2, 0] to [1, 0, 0] = 1 
#13: [0, 1, 2] to [1, 1, 2] = 2 3 3 
#13: [0, 1, 2] to [0, 1, 0] = 1 1 2 
#13: [0, 1, 2] to [0, 0, 1] = 3 3 
#13: [0, 1, 2] to [2, 0, 0] = 1 2 
#13: [0, 1, 2] to [2, 1, 1] = 1 2 3 
#13: [0, 1, 2] to [2, 2, 0] = 2 2 3 3 
#13: [0, 1, 2] to [1, 2, 1] = 1 1 2 2 
#13: [0, 1, 2] to [1, 0, 2] = 1 1 2 2 3 
#13: [0, 1, 2] to [2, 0, 1] = 2 2 
#13: [0, 1, 2] to [1, 2, 0] = 2 
#13: [0, 1, 2] to [1, 2, 2] = 1 
#13: [0, 1, 2] to [0, 2, 0] = 3 
#13: [0, 1, 2] to [0, 1, 2] = no moves
#13: [0, 1, 2] to [2, 1, 2] = 2 2 3 
#13: [0, 1, 2] to [0, 1, 1] = 1 2 2 
#13: [0, 1, 2] to [2, 2, 1] = 1 1 3 3 
#13: [0, 1, 2] to [2, 1, 0] = 1 1 3 
#13: [0, 1, 2] to [2, 2, 2] = 1 2 3 3 
#13: [0, 1, 2] to [0, 0, 0] = 1 2 2 3 3 
#13: [0, 1, 2] to [1, 0, 1] = 2 3 
#13: [0, 1, 2] to [1, 1, 1] = 1 3 3 
#13: [0, 1, 2] to [0, 2, 1] = 1 1 2 3 
#13: [0, 1, 2] to [1, 1, 0] = 1 1 2 2 3 3 
#13: [0, 1, 2] to [0, 0, 2] = 1 1 2 3 3 
#13: [0, 1, 2] to [0, 2, 2] = 1 2 2 3 
#13: [0, 1, 2] to [2, 0, 2] = 1 1 
#13: [0, 1, 2] to [1, 0, 0] = 1 3 
#14: [2, 1, 2] to [1, 1, 2] = 2 2 3 
#14: [2, 1, 2] to [0, 1, 0] = 1 1 2 2 3 3 
#14: [2, 1, 2] to [0, 0, 1] = 2 3 
#14: [2, 1, 2] to [2, 0, 0] = 1 2 2 3 3 
#14: [2, 1, 2] to [2, 1, 1] = 1 2 2 
#14: [2, 1, 2] to [2, 2, 0] = 3 
#14: [2, 1, 2] to [1, 2, 1] = 1 1 3 3 
#14: [2, 1, 2] to [1, 0, 2] = 1 1 
#14: [2, 1, 2] to [2, 0, 1] = 3 3 
#14: [2, 1, 2] to [1, 2, 0] = 2 2 3 3 
#14: [2, 1, 2] to [1, 2, 2] = 1 2 3 3 
#14: [2, 1, 2] to [0, 2, 0] = 2 
#14: [2, 1, 2] to [0, 1, 2] = 2 3 3 
#14: [2, 1, 2] to [2, 1, 2] = no moves
#14: [2, 1, 2] to [0, 1, 1] = 1 3 3 
#14: [2, 1, 2] to [2, 2, 1] = 1 1 2 3 
#14: [2, 1, 2] to [2, 1, 0] = 1 1 2 
#14: [2, 1, 2] to [2, 2, 2] = 1 2 2 3 
#14: [2, 1, 2] to [0, 0, 0] = 1 3 
#14: [2, 1, 2] to [1, 0, 1] = 2 2 
#14: [2, 1, 2] to [1, 1, 1] = 1 2 3 
#14: [2, 1, 2] to [0, 2, 1] = 1 1 2 2 
#14: [2, 1, 2] to [1, 1, 0] = 1 1 3 
#14: [2, 1, 2] to [0, 0, 2] = 1 1 2 2 3 
#14: [2, 1, 2] to [0, 2, 2] = 1 
#14: [2, 1, 2] to [2, 0, 2] = 1 1 2 3 3 
#14: [2, 1, 2] to [1, 0, 0] = 1 2 
#15: [0, 1, 1] to [1, 1, 2] = 1 1 2 2 3 3 
#15: [0, 1, 1] to [0, 1, 0] = 1 2 2 
#15: [0, 1, 1] to [0, 0, 1] = 1 1 2 3 3 
#15: [0, 1, 1] to [2, 0, 0] = 2 2 
#15: [0, 1, 1] to [2, 1, 1] = 2 2 3 
#15: [0, 1, 1] to [2, 2, 0] = 1 1 3 3 
#15: [0, 1, 1] to [1, 2, 1] = 1 
#15: [0, 1, 1] to [1, 0, 2] = 1 3 
#15: [0, 1, 1] to [2, 0, 1] = 1 1 
#15: [0, 1, 1] to [1, 2, 0] = 1 1 2 2 
#15: [0, 1, 1] to [1, 2, 2] = 2 
#15: [0, 1, 1] to [0, 2, 0] = 1 1 2 3 
#15: [0, 1, 1] to [0, 1, 2] = 1 1 2 
#15: [0, 1, 1] to [2, 1, 2] = 1 1 3 
#15: [0, 1, 1] to [0, 1, 1] = no moves
#15: [0, 1, 1] to [2, 2, 1] = 1 2 3 3 
#15: [0, 1, 1] to [2, 1, 0] = 1 2 3 
#15: [0, 1, 1] to [2, 2, 2] = 2 2 3 3 
#15: [0, 1, 1] to [0, 0, 0] = 3 3 
#15: [0, 1, 1] to [1, 0, 1] = 1 1 2 2 3 
#15: [0, 1, 1] to [1, 1, 1] = 2 3 3 
#15: [0, 1, 1] to [0, 2, 1] = 1 2 2 3 
#15: [0, 1, 1] to [1, 1, 0] = 1 3 3 
#15: [0, 1, 1] to [0, 0, 2] = 1 2 2 3 3 
#15: [0, 1, 1] to [0, 2, 2] = 3 
#15: [0, 1, 1] to [2, 0, 2] = 1 2 
#15: [0, 1, 1] to [1, 0, 0] = 2 3 
#16: [2, 2, 1] to [1, 1, 2] = 1 2 
#16: [2, 2, 1] to [0, 1, 0] = 2 3 
#16: [2, 2, 1] to [0, 0, 1] = 1 
#16: [2, 2, 1] to [2, 0, 0] = 1 1 2 3 
#16: [2, 2, 1] to [2, 1, 1] = 1 1 2 3 3 
#16: [2, 2, 1] to [2, 2, 0] = 1 2 2 
#16: [2, 2, 1] to [1, 2, 1] = 2 2 3 
#16: [2, 2, 1] to [1, 0, 2] = 2 2 3 3 
#16: [2, 2, 1] to [2, 0, 1] = 1 2 2 3 
#16: [2, 2, 1] to [1, 2, 0] = 1 2 3 
#16: [2, 2, 1] to [1, 2, 2] = 1 1 3 
#16: [2, 2, 1] to [0, 2, 0] = 1 3 3 
#16: [2, 2, 1] to [0, 1, 2] = 1 3 
#16: [2, 2, 1] to [2, 1, 2] = 1 2 2 3 3 
#16: [2, 2, 1] to [0, 1, 1] = 1 1 2 2 3 
#16: [2, 2, 1] to [2, 2, 1] = no moves
#16: [2, 2, 1] to [2, 1, 0] = 3 3 
#16: [2, 2, 1] to [2, 2, 2] = 1 1 2 
#16: [2, 2, 1] to [0, 0, 0] = 1 1 2 2 
#16: [2, 2, 1] to [1, 0, 1] = 1 2 3 3 
#16: [2, 2, 1] to [1, 1, 1] = 1 1 
#16: [2, 2, 1] to [0, 2, 1] = 2 3 3 
#16: [2, 2, 1] to [1, 1, 0] = 2 2 
#16: [2, 2, 1] to [0, 0, 2] = 2 
#16: [2, 2, 1] to [0, 2, 2] = 1 1 2 2 3 3 
#16: [2, 2, 1] to [2, 0, 2] = 3 
#16: [2, 2, 1] to [1, 0, 0] = 1 1 3 3 
#17: [2, 1, 0] to [1, 1, 2] = 1 2 3 
#17: [2, 1, 0] to [0, 1, 0] = 2 3 3 
#17: [2, 1, 0] to [0, 0, 1] = 1 3 
#17: [2, 1, 0] to [2, 0, 0] = 1 1 2 3 3 
#17: [2, 1, 0] to [2, 1, 1] = 1 1 2 
#17: [2, 1, 0] to [2, 2, 0] = 1 2 2 3 
#17: [2, 1, 0] to [1, 2, 1] = 2 2 3 3 
#17: [2, 1, 0] to [1, 0, 2] = 2 2 
#17: [2, 1, 0] to [2, 0, 1] = 1 2 2 3 3 
#17: [2, 1, 0] to [1, 2, 0] = 1 2 3 3 
#17: [2, 1, 0] to [1, 2, 2] = 1 1 3 3 
#17: [2, 1, 0] to [0, 2, 0] = 1 
#17: [2, 1, 0] to [0, 1, 2] = 1 3 3 
#17: [2, 1, 0] to [2, 1, 2] = 1 2 2 
#17: [2, 1, 0] to [0, 1, 1] = 1 1 2 2 3 3 
#17: [2, 1, 0] to [2, 2, 1] = 3 
#17: [2, 1, 0] to [2, 1, 0] = no moves
#17: [2, 1, 0] to [2, 2, 2] = 1 1 2 3 
#17: [2, 1, 0] to [0, 0, 0] = 1 1 2 2 3 
#17: [2, 1, 0] to [1, 0, 1] = 1 2 
#17: [2, 1, 0] to [1, 1, 1] = 1 1 3 
#17: [2, 1, 0] to [0, 2, 1] = 2 
#17: [2, 1, 0] to [1, 1, 0] = 2 2 3 
#17: [2, 1, 0] to [0, 0, 2] = 2 3 
#17: [2, 1, 0] to [0, 2, 2] = 1 1 2 2 
#17: [2, 1, 0] to [2, 0, 2] = 3 3 
#17: [2, 1, 0] to [1, 0, 0] = 1 1 
#18: [2, 2, 2] to [1, 1, 2] = 1 1 
#18: [2, 2, 2] to [0, 1, 0] = 1 3 
#18: [2, 2, 2] to [0, 0, 1] = 1 1 2 2 
#18: [2, 2, 2] to [2, 0, 0] = 3 
#18: [2, 2, 2] to [2, 1, 1] = 3 3 
#18: [2, 2, 2] to [2, 2, 0] = 1 1 2 
#18: [2, 2, 2] to [1, 2, 1] = 1 2 3 
#18: [2, 2, 2] to [1, 0, 2] = 1 2 3 3 
#18: [2, 2, 2] to [2, 0, 1] = 1 1 2 3 
#18: [2, 2, 2] to [1, 2, 0] = 1 1 3 
#18: [2, 2, 2] to [1, 2, 2] = 2 2 3 
#18: [2, 2, 2] to [0, 2, 0] = 1 1 2 2 3 3 
#18: [2, 2, 2] to [0, 1, 2] = 1 1 2 2 3 
#18: [2, 2, 2] to [2, 1, 2] = 1 1 2 3 3 
#18: [2, 2, 2] to [0, 1, 1] = 2 3 
#18: [2, 2, 2] to [2, 2, 1] = 1 2 2 
#18: [2, 2, 2] to [2, 1, 0] = 1 2 2 3 3 
#18: [2, 2, 2] to [2, 2, 2] = no moves
#18: [2, 2, 2] to [0, 0, 0] = 2 
#18: [2, 2, 2] to [1, 0, 1] = 1 1 3 3 
#18: [2, 2, 2] to [1, 1, 1] = 2 2 
#18: [2, 2, 2] to [0, 2, 1] = 1 3 3 
#18: [2, 2, 2] to [1, 1, 0] = 1 2 
#18: [2, 2, 2] to [0, 0, 2] = 1 
#18: [2, 2, 2] to [0, 2, 2] = 2 3 3 
#18: [2, 2, 2] to [2, 0, 2] = 1 2 2 3 
#18: [2, 2, 2] to [1, 0, 0] = 2 2 3 3 
#19: [0, 0, 0] to [1, 1, 2] = 1 1 2 2 
#19: [0, 0, 0] to [0, 1, 0] = 1 2 2 3 
#19: [0, 0, 0] to [0, 0, 1] = 1 1 2 
#19: [0, 0, 0] to [2, 0, 0] = 2 2 3 
#19: [0, 0, 0] to [2, 1, 1] = 2 2 3 3 
#19: [0, 0, 0] to [2, 2, 0] = 1 1 
#19: [0, 0, 0] to [1, 2, 1] = 1 3 
#19: [0, 0, 0] to [1, 0, 2] = 1 3 3 
#19: [0, 0, 0] to [2, 0, 1] = 1 1 3 
#19: [0, 0, 0] to [1, 2, 0] = 1 1 2 2 3 
#19: [0, 0, 0] to [1, 2, 2] = 2 3 
#19: [0, 0, 0] to [0, 2, 0] = 1 1 2 3 3 
#19: [0, 0, 0] to [0, 1, 2] = 1 1 2 3 
#19: [0, 0, 0] to [2, 1, 2] = 1 1 3 3 
#19: [0, 0, 0] to [0, 1, 1] = 3 
#19: [0, 0, 0] to [2, 2, 1] = 1 2 
#19: [0, 0, 0] to [2, 1, 0] = 1 2 3 3 
#19: [0, 0, 0] to [2, 2, 2] = 2 2 
#19: [0, 0, 0] to [0, 0, 0] = no moves
#19: [0, 0, 0] to [1, 0, 1] = 1 1 2 2 3 3 
#19: [0, 0, 0] to [1, 1, 1] = 2 
#19: [0, 0, 0] to [0, 2, 1] = 1 2 2 3 3 
#19: [0, 0, 0] to [1, 1, 0] = 1 
#19: [0, 0, 0] to [0, 0, 2] = 1 2 2 
#19: [0, 0, 0] to [0, 2, 2] = 3 3 
#19: [0, 0, 0] to [2, 0, 2] = 1 2 3 
#19: [0, 0, 0] to [1, 0, 0] = 2 3 3 
#20: [1, 0, 1] to [1, 1, 2] = 3 
#20: [1, 0, 1] to [0, 1, 0] = 1 1 3 3 
#20: [1, 0, 1] to [0, 0, 1] = 2 2 3 
#20: [1, 0, 1] to [2, 0, 0] = 1 3 3 
#20: [1, 0, 1] to [2, 1, 1] = 1 
#20: [1, 0, 1] to [2, 2, 0] = 2 3 
#20: [1, 0, 1] to [1, 2, 1] = 1 1 2 3 3 
#20: [1, 0, 1] to [1, 0, 2] = 1 1 2 
#20: [1, 0, 1] to [2, 0, 1] = 2 3 3 
#20: [1, 0, 1] to [1, 2, 0] = 3 3 
#20: [1, 0, 1] to [1, 2, 2] = 1 2 2 3 3 
#20: [1, 0, 1] to [0, 2, 0] = 2 2 
#20: [1, 0, 1] to [0, 1, 2] = 2 2 3 3 
#20: [1, 0, 1] to [2, 1, 2] = 2 
#20: [1, 0, 1] to [0, 1, 1] = 1 2 3 3 
#20: [1, 0, 1] to [2, 2, 1] = 1 1 2 2 3 
#20: [1, 0, 1] to [2, 1, 0] = 1 1 2 2 
#20: [1, 0, 1] to [2, 2, 2] = 1 3 
#20: [1, 0, 1] to [0, 0, 0] = 1 2 3 
#20: [1, 0, 1] to [1, 0, 1] = no moves
#20: [1, 0, 1] to [1, 1, 1] = 1 2 2 3 
#20: [1, 0, 1] to [0, 2, 1] = 1 1 
#20: [1, 0, 1] to [1, 1, 0] = 1 1 2 3 
#20: [1, 0, 1] to [0, 0, 2] = 1 1 3 
#20: [1, 0, 1] to [0, 2, 2] = 1 2 
#20: [1, 0, 1] to [2, 0, 2] = 1 1 2 2 3 3 
#20: [1, 0, 1] to [1, 0, 0] = 1 2 2 
#21: [1, 1, 1] to [1, 1, 2] = 1 1 2 
#21: [1, 1, 1] to [0, 1, 0] = 1 2 3 
#21: [1, 1, 1] to [0, 0, 1] = 1 1 
#21: [1, 1, 1] to [2, 0, 0] = 2 3 
#21: [1, 1, 1] to [2, 1, 1] = 2 3 3 
#21: [1, 1, 1] to [2, 2, 0] = 1 1 2 2 
#21: [1, 1, 1] to [1, 2, 1] = 1 2 2 3 
#21: [1, 1, 1] to [1, 0, 2] = 1 2 2 3 3 
#21: [1, 1, 1] to [2, 0, 1] = 1 1 2 2 3 
#21: [1, 1, 1] to [1, 2, 0] = 1 1 2 3 
#21: [1, 1, 1] to [1, 2, 2] = 3 
#21: [1, 1, 1] to [0, 2, 0] = 1 1 3 3 
#21: [1, 1, 1] to [0, 1, 2] = 1 1 3 
#21: [1, 1, 1] to [2, 1, 2] = 1 1 2 2 3 3 
#21: [1, 1, 1] to [0, 1, 1] = 2 2 3 
#21: [1, 1, 1] to [2, 2, 1] = 1 
#21: [1, 1, 1] to [2, 1, 0] = 1 3 3 
#21: [1, 1, 1] to [2, 2, 2] = 2 
#21: [1, 1, 1] to [0, 0, 0] = 2 2 
#21: [1, 1, 1] to [1, 0, 1] = 1 1 2 3 3 
#21: [1, 1, 1] to [1, 1, 1] = no moves
#21: [1, 1, 1] to [0, 2, 1] = 1 2 3 3 
#21: [1, 1, 1] to [1, 1, 0] = 1 2 2 
#21: [1, 1, 1] to [0, 0, 2] = 1 2 
#21: [1, 1, 1] to [0, 2, 2] = 2 2 3 3 
#21: [1, 1, 1] to [2, 0, 2] = 1 3 
#21: [1, 1, 1] to [1, 0, 0] = 3 3 
#22: [0, 2, 1] to [1, 1, 2] = 1 3 
#22: [0, 2, 1] to [0, 1, 0] = 3 3 
#22: [0, 2, 1] to [0, 0, 1] = 1 2 2 3 
#22: [0, 2, 1] to [2, 0, 0] = 1 1 3 3 
#22: [0, 2, 1] to [2, 1, 1] = 1 1 
#22: [0, 2, 1] to [2, 2, 0] = 1 2 3 
#22: [0, 2, 1] to [1, 2, 1] = 2 3 3 
#22: [0, 2, 1] to [1, 0, 2] = 2 
#22: [0, 2, 1] to [2, 0, 1] = 1 2 3 3 
#22: [0, 2, 1] to [1, 2, 0] = 1 3 3 
#22: [0, 2, 1] to [1, 2, 2] = 1 1 2 2 3 3 
#22: [0, 2, 1] to [0, 2, 0] = 1 2 2 
#22: [0, 2, 1] to [0, 1, 2] = 1 2 2 3 3 
#22: [0, 2, 1] to [2, 1, 2] = 1 2 
#22: [0, 2, 1] to [0, 1, 1] = 1 1 2 3 3 
#22: [0, 2, 1] to [2, 2, 1] = 2 2 3 
#22: [0, 2, 1] to [2, 1, 0] = 2 2 
#22: [0, 2, 1] to [2, 2, 2] = 1 1 3 
#22: [0, 2, 1] to [0, 0, 0] = 1 1 2 3 
#22: [0, 2, 1] to [1, 0, 1] = 1 
#22: [0, 2, 1] to [1, 1, 1] = 1 1 2 2 3 
#22: [0, 2, 1] to [0, 2, 1] = no moves
#22: [0, 2, 1] to [1, 1, 0] = 2 3 
#22: [0, 2, 1] to [0, 0, 2] = 3 
#22: [0, 2, 1] to [0, 2, 2] = 1 1 2 
#22: [0, 2, 1] to [2, 0, 2] = 2 2 3 3 
#22: [0, 2, 1] to [1, 0, 0] = 1 1 2 2 
#23: [1, 1, 0] to [1, 1, 2] = 1 2 2 
#23: [1, 1, 0] to [0, 1, 0] = 2 2 3 
#23: [1, 1, 0] to [0, 0, 1] = 1 2 
#23: [1, 1, 0] to [2, 0, 0] = 1 1 2 2 3 
#23: [1, 1, 0] to [2, 1, 1] = 1 1 2 2 3 3 
#23: [1, 1, 0] to [2, 2, 0] = 1 
#23: [1, 1, 0] to [1, 2, 1] = 3 
#23: [1, 1, 0] to [1, 0, 2] = 3 3 
#23: [1, 1, 0] to [2, 0, 1] = 1 3 
#23: [1, 1, 0] to [1, 2, 0] = 1 2 2 3 
#23: [1, 1, 0] to [1, 2, 2] = 1 1 2 3 
#23: [1, 1, 0] to [0, 2, 0] = 1 2 3 3 
#23: [1, 1, 0] to [0, 1, 2] = 1 2 3 
#23: [1, 1, 0] to [2, 1, 2] = 1 3 3 
#23: [1, 1, 0] to [0, 1, 1] = 1 1 3 
#23: [1, 1, 0] to [2, 2, 1] = 2 
#23: [1, 1, 0] to [2, 1, 0] = 2 3 3 
#23: [1, 1, 0] to [2, 2, 2] = 1 1 2 2 
#23: [1, 1, 0] to [0, 0, 0] = 1 1 
#23: [1, 1, 0] to [1, 0, 1] = 1 2 2 3 3 
#23: [1, 1, 0] to [1, 1, 1] = 1 1 2 
#23: [1, 1, 0] to [0, 2, 1] = 2 2 3 3 
#23: [1, 1, 0] to [1, 1, 0] = no moves
#23: [1, 1, 0] to [0, 0, 2] = 2 2 
#23: [1, 1, 0] to [0, 2, 2] = 1 1 3 3 
#23: [1, 1, 0] to [2, 0, 2] = 2 3 
#23: [1, 1, 0] to [1, 0, 0] = 1 1 2 3 3 
#24: [0, 0, 2] to [1, 1, 2] = 1 
#24: [0, 0, 2] to [0, 1, 0] = 3 
#24: [0, 0, 2] to [0, 0, 1] = 1 2 2 
#24: [0, 0, 2] to [2, 0, 0] = 1 1 3 
#24: [0, 0, 2] to [2, 1, 1] = 1 1 3 3 
#24: [0, 0, 2] to [2, 2, 0] = 1 2 
#24: [0, 0, 2] to [1, 2, 1] = 2 3 
#24: [0, 0, 2] to [1, 0, 2] = 2 3 3 
#24: [0, 0, 2] to [2, 0, 1] = 1 2 3 
#24: [0, 0, 2] to [1, 2, 0] = 1 3 
#24: [0, 0, 2] to [1, 2, 2] = 1 1 2 2 3 
#24: [0, 0, 2] to [0, 2, 0] = 1 2 2 3 3 
#24: [0, 0, 2] to [0, 1, 2] = 1 2 2 3 
#24: [0, 0, 2] to [2, 1, 2] = 1 2 3 3 
#24: [0, 0, 2] to [0, 1, 1] = 1 1 2 3 
#24: [0, 0, 2] to [2, 2, 1] = 2 2 
#24: [0, 0, 2] to [2, 1, 0] = 2 2 3 3 
#24: [0, 0, 2] to [2, 2, 2] = 1 1 
#24: [0, 0, 2] to [0, 0, 0] = 1 1 2 
#24: [0, 0, 2] to [1, 0, 1] = 1 3 3 
#24: [0, 0, 2] to [1, 1, 1] = 1 1 2 2 
#24: [0, 0, 2] to [0, 2, 1] = 3 3 
#24: [0, 0, 2] to [1, 1, 0] = 2 
#24: [0, 0, 2] to [0, 0, 2] = no moves
#24: [0, 0, 2] to [0, 2, 2] = 1 1 2 3 3 
#24: [0, 0, 2] to [2, 0, 2] = 2 2 3 
#24: [0, 0, 2] to [1, 0, 0] = 1 1 2 2 3 3 
#25: [0, 2, 2] to [1, 1, 2] = 1 1 2 2 3 
#25: [0, 2, 2] to [0, 1, 0] = 1 2 2 3 3 
#25: [0, 2, 2] to [0, 0, 1] = 1 1 2 3 
#25: [0, 2, 2] to [2, 0, 0] = 2 2 3 3 
#25: [0, 2, 2] to [2, 1, 1] = 2 2 
#25: [0, 2, 2] to [2, 2, 0] = 1 1 3 
#25: [0, 2, 2] to [1, 2, 1] = 1 3 3 
#25: [0, 2, 2] to [1, 0, 2] = 1 
#25: [0, 2, 2] to [2, 0, 1] = 1 1 3 3 
#25: [0, 2, 2] to [1, 2, 0] = 1 1 2 2 3 3 
#25: [0, 2, 2] to [1, 2, 2] = 2 3 3 
#25: [0, 2, 2] to [0, 2, 0] = 1 1 2 
#25: [0, 2, 2] to [0, 1, 2] = 1 1 2 3 3 
#25: [0, 2, 2] to [2, 1, 2] = 1 1 
#25: [0, 2, 2] to [0, 1, 1] = 3 3 
#25: [0, 2, 2] to [2, 2, 1] = 1 2 3 
#25: [0, 2, 2] to [2, 1, 0] = 1 2 
#25: [0, 2, 2] to [2, 2, 2] = 2 2 3 
#25: [0, 2, 2] to [0, 0, 0] = 3 
#25: [0, 2, 2] to [1, 0, 1] = 1 1 2 2 
#25: [0, 2, 2] to [1, 1, 1] = 2 3 
#25: [0, 2, 2] to [0, 2, 1] = 1 2 2 
#25: [0, 2, 2] to [1, 1, 0] = 1 3 
#25: [0, 2, 2] to [0, 0, 2] = 1 2 2 3 
#25: [0, 2, 2] to [0, 2, 2] = no moves
#25: [0, 2, 2] to [2, 0, 2] = 1 2 3 3 
#25: [0, 2, 2] to [1, 0, 0] = 2 
#26: [2, 0, 2] to [1, 1, 2] = 1 2 3 3 
#26: [2, 0, 2] to [0, 1, 0] = 2 
#26: [2, 0, 2] to [0, 0, 1] = 1 3 3 
#26: [2, 0, 2] to [2, 0, 0] = 1 1 2 
#26: [2, 0, 2] to [2, 1, 1] = 1 1 2 3 
#26: [2, 0, 2] to [2, 2, 0] = 1 2 2 3 3 
#26: [2, 0, 2] to [1, 2, 1] = 2 2 
#26: [2, 0, 2] to [1, 0, 2] = 2 2 3 
#26: [2, 0, 2] to [2, 0, 1] = 1 2 2 
#26: [2, 0, 2] to [1, 2, 0] = 1 2 
#26: [2, 0, 2] to [1, 2, 2] = 1 1 
#26: [2, 0, 2] to [0, 2, 0] = 1 3 
#26: [2, 0, 2] to [0, 1, 2] = 1 
#26: [2, 0, 2] to [2, 1, 2] = 1 2 2 3 
#26: [2, 0, 2] to [0, 1, 1] = 1 1 2 2 
#26: [2, 0, 2] to [2, 2, 1] = 3 3 
#26: [2, 0, 2] to [2, 1, 0] = 3 
#26: [2, 0, 2] to [2, 2, 2] = 1 1 2 3 3 
#26: [2, 0, 2] to [0, 0, 0] = 1 1 2 2 3 3 
#26: [2, 0, 2] to [1, 0, 1] = 1 2 3 
#26: [2, 0, 2] to [1, 1, 1] = 1 1 3 3 
#26: [2, 0, 2] to [0, 2, 1] = 2 3 
#26: [2, 0, 2] to [1, 1, 0] = 2 2 3 3 
#26: [2, 0, 2] to [0, 0, 2] = 2 3 3 
#26: [2, 0, 2] to [0, 2, 2] = 1 1 2 2 3 
#26: [2, 0, 2] to [2, 0, 2] = no moves
#26: [2, 0, 2] to [1, 0, 0] = 1 1 3 
#27: [1, 0, 0] to [1, 1, 2] = 1 1 2 3 
#27: [1, 0, 0] to [0, 1, 0] = 1 2 3 3 
#27: [1, 0, 0] to [0, 0, 1] = 1 1 3 
#27: [1, 0, 0] to [2, 0, 0] = 2 3 3 
#27: [1, 0, 0] to [2, 1, 1] = 2 
#27: [1, 0, 0] to [2, 2, 0] = 1 1 2 2 3 
#27: [1, 0, 0] to [1, 2, 1] = 1 2 2 3 3 
#27: [1, 0, 0] to [1, 0, 2] = 1 2 2 
#27: [1, 0, 0] to [2, 0, 1] = 1 1 2 2 3 3 
#27: [1, 0, 0] to [1, 2, 0] = 1 1 2 3 3 
#27: [1, 0, 0] to [1, 2, 2] = 3 3 
#27: [1, 0, 0] to [0, 2, 0] = 1 1 
#27: [1, 0, 0] to [0, 1, 2] = 1 1 3 3 
#27: [1, 0, 0] to [2, 1, 2] = 1 1 2 2 
#27: [1, 0, 0] to [0, 1, 1] = 2 2 3 3 
#27: [1, 0, 0] to [2, 2, 1] = 1 3 
#27: [1, 0, 0] to [2, 1, 0] = 1 
#27: [1, 0, 0] to [2, 2, 2] = 2 3 
#27: [1, 0, 0] to [0, 0, 0] = 2 2 3 
#27: [1, 0, 0] to [1, 0, 1] = 1 1 2 
#27: [1, 0, 0] to [1, 1, 1] = 3 
#27: [1, 0, 0] to [0, 2, 1] = 1 2 
#27: [1, 0, 0] to [1, 1, 0] = 1 2 2 3 
#27: [1, 0, 0] to [0, 0, 2] = 1 2 3 
#27: [1, 0, 0] to [0, 2, 2] = 2 2 
#27: [1, 0, 0] to [2, 0, 2] = 1 3 3 
#27: [1, 0, 0] to [1, 0, 0] = no moves
All configurations can be won